Outputs : tensor([[-1.5721e+01, -9.7896e-03, -1.3060e+01, -1.7123e+01, -1.3794e+00,
         -1.5354e+01, -2.1333e+01,  1.8896e+01, -1.7698e+01, -7.7088e+00],
        [-1.1369e+01, -2.7507e+01,  3.0503e+01, -1.8310e+01, -8.6608e+00,
         -2.4134e+01, -9.9026e+00, -1.9235e+01, -1.5066e+01, -3.2979e+01],
        [-1.7240e+01,  1.1736e+01, -7.8488e+00, -2.1522e+01, -4.0309e+00,
         -1.3887e+01, -1.1167e+01, -7.9130e+00, -5.0264e+00, -1.0537e+01],
        [ 1.7122e+01, -2.3753e+01, -6.0007e+00, -1.7785e+01, -1.0184e+01,
         -1.0870e+01, -3.5530e+00, -1.9011e+01, -5.1568e+00, -8.8060e+00],
        [-1.8052e+01, -6.6278e+00, -1.0072e+01, -1.6378e+01,  1.5868e+01,
         -1.0345e+01, -1.0827e+01, -9.5510e+00, -8.9015e+00,  2.1482e+00],
        [-1.7491e+01,  1.3053e+01, -9.4459e+00, -2.6469e+01, -5.4316e+00,
         -1.5759e+01, -1.2459e+01, -8.2574e+00, -4.3378e+00, -1.0382e+01],
        [-2.2615e+01, -7.0266e+00, -1.7227e+01, -2.3383e+01,  1.3940e+01,
         -6.6975e+00, -6.5255e+00, -1.6461e+01, -3.2066e-01, -2.0265e+00],
        [-2.0334e+01, -1.2390e+01, -1.0341e+01, -4.4436e+00, -3.0018e+00,
         -6.5147e+00, -2.2567e+01, -1.6235e+01, -7.2869e+00,  1.6267e+01],
        [-1.0294e+01, -1.2219e+01, -1.8089e+01, -1.1423e+01, -1.3302e+01,
          1.2594e+01,  6.5899e+00, -2.4954e+01, -1.0102e+01, -7.9267e+00],
        [-2.0553e+01, -1.1797e+01, -1.6873e+01, -1.3478e+01,  3.8127e+00,
         -1.3189e+01, -1.4104e+01, -1.5168e+00, -7.3141e+00,  1.3548e+01]])

Labels : tensor([7, 2, 1, 0, 4, 1, 4, 9, 5, 9])

Prdicted Labels : tensor([7, 2, 1, 0, 4, 1, 4, 9, 5, 9])