const acc_data biases[120] = { -218,
 -295,
 -220,
 47,
 23,
 70,
 70,
 174,
 84,
 -103,
 -116,
 -103,
 -124,
 -76,
 -121,
 -60,
 -77,
 -136,
 -162,
 -184,
 -39,
 -82,
 -195,
 -192,
 31,
 62,
 -176,
 297,
 17,
 281,
 153,
 119,
 -372,
 -64,
 4,
 435,
 -6,
 70,
 -36,
 -36,
 15,
 207,
 -123,
 20,
 -109,
 28,
 -40,
 33,
 -272,
 -94,
 42,
 596,
 -45,
 85,
 -302,
 -234,
 -14,
 -264,
 -99,
 -205,
 -93,
 -131,
 -30,
 -25,
 20,
 -157,
 103,
 -84,
 57,
 -62,
 -436,
 -78,
 -22,
 -343,
 -289,
 151,
 42,
 82,
 -251,
 15,
 -187,
 -182,
 -147,
 524,
 -306,
 163,
 210,
 83,
 -11,
 -116,
 121,
 -35,
 -254,
 2,
 184,
 -149,
 144,
 -156,
 -132,
 0,
 -130,
 -144,
 -24,
 -90,
 91,
 31,
 13,
 -102,
 -143,
 288,
 -73,
 52,
 -397,
 -93,
 -196,
 -25,
 -252,
 -185,
 -24,
 62};