biases[120] = { -0.08309008181095123,
 0.020190022885799408,
 0.10248664021492004,
 -0.026744024828076363,
 -0.18809005618095398,
 0.0016560070216655731,
 0.05539406090974808,
 0.008762349374592304,
 -0.12507084012031555,
 0.19078220427036285,
 -0.1314585953950882,
 -0.009498666040599346,
 -0.1205875352025032,
 0.049214523285627365,
 0.08443975448608398,
 0.03272204101085663,
0,
0,
0,
0,
0,
0,
0,
0,
0,
0,
0,
0,
0,
0,
0,
0,
0,
0,
0,
0,
0,
0,
0,
0,
0,
0,
0,
0,
0,
0,
0,
0,
0,
0,
0,
0,
0,
0,
0,
0,
0,
0,
0,
0,
0,
0,
0,
0,
0,
0,
0,
0,
0,
0,
0,
0,
0,
0,
0,
0,
0,
0,
0,
0,
0,
0,
0,
0,
0,
0,
0,
0,
0,
0,
0,
0,
0,
0,
0,
0,
0,
0,
0,
0,
0,
0,
0,
0,
0,
0,
0,
0,
0,
0,
0,
0,
0,
0,
0,
0,
0,
0,
0,
0};