const q_data weights[84][120] = {{ -1, -9, -1, 6, 5, -18, -17, 4, 9, -14, -2, -7, -3, -11, 12, 4, -17, -15, 2, 7, 6, -14, 9, -15, 3, -12, -3, -4, -11, -10, -5, -2, 2, 6, -3, -14, -13, 11, -14, 7, -9, -13, 2, 11, -13, 1, -15, -5, -12, -12, -11, -13, -12, -4, -20, -11, -7, 4, -6, 0, 2, -17, -3, -15, 2, -3, 2, 2, 13, -1, -12, 5, -1, 0, 1, -10, 9, -19, 7, 7, 10, -16, 8, 7, -8, -19, -7, -5, -15, -1, -12, -13, 10, -3, -13, 13, -6, 0, 2, -12, -6, 0, -5, 1, -6, 3, 5, -6, -2, -15, -17, 3, 4, 5, -15, 10, -20, -17, 4, -13},
{ 5, -24, -33, -31, -8, -24, 48, 18, 19, -4, -44, -10, -9, -22, -8, -34, -48, -23, -22, 17, 12, 23, 9, -2, -45, 44, 17, 17, 61, -9, -38, -39, -49, -3, 24, 23, -60, 1, -65, -11, -9, 24, 14, -36, -6, -9, 15, -10, 13, 23, 1, 12, 9, 21, -36, 30, 8, 13, 18, -20, 30, 19, 0, -20, 26, -2, 13, -17, 11, 19, -2, -32, 10, -54, 7, 8, 11, 2, 12, -13, -1, 18, 3, 15, -15, 5, 21, 31, 2, -8, 11, -3, -3, 44, -11, -12, 23, 9, -7, -10, -39, -3, 2, 38, 32, 58, 22, -10, 6, 38, -1, 15, 30, 4, -65, 14, 9, 17, 15, 40},
{ -48, 17, -2, -5, -15, 19, -23, -9, 16, 2, 9, 8, 34, 31, 0, -11, 27, -27, 43, 7, 3, -2, -46, 1, 15, -16, -43, 29, -15, 20, 28, 25, 29, 21, 36, -11, -28, 1, -41, -5, -10, -37, 18, 30, -10, -22, -5, -58, 38, -17, 15, 16, 0, 35, 20, 2, 14, -16, 2, -23, -18, -41, 4, -12, -10, -12, -58, 4, -3, 10, -3, 21, -7, 22, -7, -49, 13, -31, 8, -14, 4, -52, -58, 35, 37, 17, -5, -19, -37, 1, -29, -2, 3, 10, 23, -7, -33, 42, 1, 12, -2, -3, 12, -70, -3, 40, -9, -14, -3, -11, 11, 8, -4, -3, 56, -1, -18, -15, 23, 43},
{ -4, -7, 7, -16, -10, -49, -40, -7, -8, -4, -23, -4, -42, 5, -15, -14, 33, -28, 31, -21, 53, 7, -28, -11, -11, -21, -4, 32, -9, -21, -1, 13, 44, -2, -29, -4, 6, -4, 3, 3, 3, -2, 26, 40, -3, 5, 0, -4, -22, -47, -4, 22, -11, 16, 0, 9, -5, 2, -28, 8, 15, -32, 13, 87, -25, 7, -34, -10, 6, -11, -20, -20, 1, -3, -19, 4, -3, -32, -9, -8, -2, -22, -3, 22, -28, -10, -47, -17, -29, -7, -19, -14, 17, -32, -3, 9, -4, -36, 7, 8, 14, -11, 8, -29, -29, 5, -3, -4, 9, 34, -15, -9, -1, 12, -4, 11, -7, 2, 4, 22},
{ -35, -12, 30, 8, -8, -7, 20, -41, -15, 0, -54, -16, -15, 33, -1, -20, -23, -38, -47, -21, -2, -26, -15, -5, 8, -14, 11, 7, -24, -8, 11, -5, 11, -26, -25, -18, -51, 10, -51, 0, 4, -34, 28, -33, 1, -35, 9, -26, -4, -11, -2, -7, 0, 28, 15, -11, -11, 13, -15, 1, 7, -11, -5, 1, 25, -4, -21, -32, -2, -14, -7, -63, 1, 4, -17, -2, -3, -2, 2, -3, 7, -25, -21, -15, 16, -19, -33, 41, -12, 10, 17, 3, 14, -16, -25, -3, 17, 6, -3, -3, -20, -30, -4, 2, -10, 10, -2, 0, 6, 14, 12, -3, -10, 8, -25, 13, -4, 2, -19, 6},
{ 19, 12, -14, -38, -7, 37, -13, 45, -7, 13, 29, 6, 28, -15, 9, -9, 36, 29, 28, 34, -14, 18, -13, 3, 57, -17, 38, -10, 17, 21, 17, 41, -31, -30, 24, 3, 39, -5, 34, 9, -2, -28, -33, -42, 0, 8, -7, 39, 17, 18, 12, -8, 0, -17, -16, 33, 1, 6, -4, 21, 3, -46, -5, -57, -69, 1, -38, 10, -1, 11, -3, -5, -12, -2, -2, 2, 10, 40, -33, -4, 12, -13, 38, 18, -17, -5, -26, -18, -33, -8, 53, -11, 28, -4, 32, 6, -3, 7, -6, -4, 9, -14, -7, 12, 27, 5, 2, -5, 9, 8, -7, -2, -62, -4, -8, -14, -22, -53, 22, 9},
{ -45, -8, -15, 24, 11, -19, 2, 11, 44, 2, -33, -2, 49, 13, -4, -2, 2, -36, 32, -3, 10, 15, -38, 0, 18, 18, -17, 23, -3, 38, 9, 4, -29, 8, -16, 2, -53, -6, -61, -6, 5, -13, 27, -28, 11, -2, -9, 1, 12, -34, 0, -20, 6, -7, 12, 18, 14, -12, -17, -10, 1, -30, 2, -23, -13, -12, -44, 0, 13, -10, -1, -26, -2, -31, 6, -7, -9, 1, 0, 16, 5, -21, -24, 8, -20, -10, 4, 35, -39, 10, -28, 9, 7, -13, -22, -2, 18, 13, 0, 2, 3, 6, 4, -10, 34, 4, 24, -11, -15, 41, 1, 14, -19, 14, 6, 4, -6, -7, 20, 11},
{ 2, -42, -34, -8, -10, -34, 2, 17, -25, -11, -33, 8, 18, 16, 13, -10, -14, -21, 27, -22, -9, 2, -7, -2, -19, 39, 2, 24, 21, 3, -59, -51, -29, -13, 2, 31, -56, -11, -52, -15, -7, 10, -5, 8, 1, -1, 5, -6, -12, -8, -4, 27, 11, -17, -26, 35, -4, 14, 0, -30, 9, 17, -4, -21, 8, 14, 34, 20, -6, -1, -15, -23, 11, -50, 33, 5, -1, -20, 35, -10, 6, 18, 1, 1, -14, 22, 23, 23, 7, 3, 4, 14, -17, 24, -2, -5, 43, 25, 11, 22, -23, 36, 8, -13, -11, 52, 24, -14, 9, 23, 10, 4, 21, -14, -13, -10, -28, -11, 14, 46},
{ 1, 26, -4, 28, 8, 39, 15, 4, 4, 12, -6, -5, 39, -6, -8, -5, 3, -26, -5, -24, -22, 13, -28, -11, 26, 18, -24, -12, -4, -1, 37, -45, -17, 60, -10, 7, -55, 14, -66, -9, 1, -1, -17, -4, 12, 34, -4, 10, 1, -4, -6, 2, 8, -24, -11, -20, 6, 6, 20, 12, 45, 17, 11, -8, -9, 13, -11, 44, 1, 1, -21, 42, 6, -45, 5, 15, -2, -21, 24, -14, -14, -44, -54, 13, 1, 4, 5, -7, -16, 3, -3, 7, -14, -49, 11, 4, 8, 0, -9, 0, 35, -21, 16, -2, 46, -55, 51, 13, 12, 31, 17, -15, -43, 6, -8, -6, -35, -48, 37, 26},
{ 6, 15, -29, -6, 14, 0, -44, -22, 45, 0, -36, -9, -4, 7, -11, 40, -36, 2, 17, 18, -19, -2, 36, 1, 17, 16, 23, 21, -10, 8, 1, -3, -19, -49, 20, -52, -7, -11, 25, 3, 7, 31, -22, -40, 17, 12, -4, 9, -35, 5, -20, -55, 4, -3, 11, -2, 8, 14, -2, 29, 6, 0, 8, 12, 12, 2, -1, -7, 6, 3, 22, -22, 13, 7, -7, 8, -9, 42, 0, 14, -2, -5, 38, -65, 0, -55, -13, 2, 0, 17, -17, 1, 23, 9, 21, 0, -10, 29, 1, 8, -16, -18, 12, 36, -29, -22, -20, -5, 18, -20, -14, -15, 44, -8, -21, -1, 20, -21, -24, -36},
{ 13, -33, -47, -49, 12, 4, 17, 39, 6, -7, -18, 4, -1, -25, -13, -14, -22, 57, 22, 2, 9, -8, 28, 1, 12, -7, 30, 12, 53, -2, -43, 29, -1, -22, 17, 32, -14, 3, -54, -6, 9, 34, 3, 3, 8, -1, 14, 37, -27, 5, -15, 10, -10, -6, -23, 3, 0, -1, 14, 23, 23, -8, 3, -28, -23, 0, 26, 4, 8, -5, -4, -1, -12, -37, 14, -3, 2, -33, -56, -8, 16, 28, 34, 14, -33, 18, -20, -12, 38, 5, 70, -2, -15, -3, 24, -21, -22, -19, 6, 30, -22, -29, 13, 29, 19, 28, 5, -14, 0, 6, -81, 9, -17, 13, -119, 15, -35, -37, 10, 29},
{ 9, -33, 22, 0, -14, -29, -23, -6, -15, 12, -44, -3, -54, -20, 15, 17, -11, -40, 2, -28, -5, -35, -17, 1, -33, -19, 7, 17, 1, -18, -21, -15, 7, 2, 8, -10, 0, 4, 5, -2, -2, 45, -12, -5, -10, 7, -14, 1, -1, 6, -5, 17, 12, 7, -48, 8, 3, -7, -21, -21, -28, -1, -4, 10, -23, 4, -22, -8, -3, 0, -7, -23, -8, -38, 34, -49, 9, 21, 41, 12, -7, 7, -6, -18, 1, -35, 5, 9, 9, -9, -15, -5, -4, -25, -2, 18, -17, 36, -9, 3, 2, 12, -12, 23, 10, -33, 16, 4, 9, -29, -31, -6, -20, -3, -55, 1, 13, 11, -8, -62},
{ -3, 7, 17, 0, 16, -34, -17, -31, -15, 7, 12, -13, 29, 2, -1, -11, 4, -22, 26, 4, -10, -52, 13, 11, 11, -31, -47, -16, 14, 22, 22, -7, 28, 38, -12, 5, 33, 1, 6, -3, 15, 3, 9, 54, -6, 13, 5, 13, 18, -89, 9, 33, 6, 9, 26, -46, -11, -11, 2, -2, -37, -11, -1, 42, -69, 1, 12, -5, -1, -7, 5, 33, 0, 33, 22, -1, 0, 24, -7, 10, -4, 51, -48, 19, 18, 36, -13, -53, 2, 12, -29, 12, -4, 37, 24, -2, -49, -7, 1, -12, 19, 33, 11, -36, -86, 32, -1, -9, 12, -28, -18, 7, 12, 11, 45, -1, -19, 36, 25, 5},
{ -4, -3, 41, -11, -2, -14, -26, -59, 69, -2, 1, -5, 46, 31, 19, -1, 9, 21, 21, 13, 5, -33, -3, 9, 11, 12, -11, 21, -9, -10, -5, -19, 17, 26, 13, -33, 12, 5, 24, 7, 9, 15, 26, 9, -2, 16, 10, -20, 6, -74, -3, -10, -5, 2, 34, -4, -4, 13, -7, -16, -48, 8, 4, 34, -40, -10, 8, 19, -5, -14, 19, 30, 1, 19, 30, -17, -4, 6, 18, 12, 6, 23, -24, -22, 21, 7, -8, -4, -14, -6, -25, -14, -11, -9, 13, 8, -33, 51, -7, -7, 23, 38, -8, -47, -37, 12, 10, 0, -12, -55, 17, -3, 34, -4, 69, -11, -7, 8, 12, 7},
{ -7, 1, -14, -22, 7, -5, -21, -23, 1, -9, -10, 3, -13, -18, -4, -3, -20, -10, 5, 7, -5, -7, -17, -4, 1, 2, 2, -11, -6, -4, -8, -3, -9, -18, -9, -11, -14, -3, 5, -5, -8, -1, 1, 5, -9, -11, -15, -18, 5, 3, -2, -9, 6, 3, -11, -8, -13, -10, 14, -20, -5, -17, -14, -11, 6, 1, 8, -12, 3, -11, -6, 14, 7, -7, 0, -16, -13, -8, -5, -14, -15, -12, -10, -15, 9, -4, -20, 3, -14, -13, 7, -7, -13, -11, -9, 9, -23, -10, -10, 2, 4, 0, 7, -10, -14, -11, 3, 6, 7, 10, -20, 4, 7, -2, -11, 8, 6, -12, -22, -1},
{ -21, 5, 14, 6, 1, -38, -25, -43, 22, -5, -55, 2, 1, 36, 7, -32, -6, -8, 1, 18, -12, 21, -26, -6, 10, 18, 28, 49, 0, 30, -33, 0, -32, -48, 7, -10, -5, -7, -20, -5, 3, 12, 51, 31, -2, 23, 0, 16, 1, -13, -9, -47, 1, 46, -35, 10, 8, 31, -20, 28, -7, -61, 14, -44, 35, 3, -37, -34, 0, -12, 6, -36, -3, -35, 22, 8, 9, 9, -24, 0, -14, 19, 16, -18, 6, -17, -74, 33, -2, -7, 13, -6, 17, 38, 9, -1, -13, 45, 7, 3, -19, 23, 14, 37, 18, 40, -32, 11, -3, 24, -13, -14, 49, 5, 4, -14, -26, -9, 4, 12},
{ -41, -41, 48, 2, -10, 9, 38, -24, 0, -15, 10, 5, -32, -15, 6, -68, -4, 11, -3, 30, 36, 35, -53, 1, -11, -7, -10, 29, 15, -15, 39, 50, -4, -74, -25, 18, 14, 3, 43, -10, 8, -46, -7, 0, -11, -4, 13, 17, -17, -4, 7, 4, 6, 21, 1, 23, -6, 5, -22, -53, 39, -53, -4, 39, -24, -4, -25, -51, -1, 6, 22, -12, -10, 45, -24, 7, -6, 50, -19, -5, -9, 9, 29, 38, 3, -11, -25, 21, 11, -11, 16, 6, 23, 9, -5, -13, -5, -24, 6, 6, 42, 15, 3, 21, -18, 16, -52, 18, -5, 57, 35, -12, -20, 9, -16, 3, -19, 25, -12, -17},
{ -10, -5, 1, -54, -1, 4, -22, 19, 24, -5, 9, -12, 2, -28, 9, -43, 7, 17, -17, 39, -3, 63, -38, -4, 28, -16, 20, 48, 14, -13, 12, 54, -3, -69, 20, 26, 15, 5, 17, 1, 11, 0, -22, -28, 9, 6, 4, 40, 6, -9, -3, -8, -9, -11, -19, 41, 13, 11, -3, -12, 13, -25, -1, -18, -33, 2, 3, 8, -9, 5, 3, -32, -1, 30, -22, -15, 0, -1, -49, 17, -10, -16, 27, 45, -21, 3, -25, 22, -15, 11, 39, -1, 11, 15, 14, -3, -46, 6, 16, 14, 13, -1, -12, -2, 17, 36, -33, -2, 12, 44, 22, 5, -54, 13, -22, 9, -31, -10, 30, 22},
{ -8, 26, 19, 66, 14, 18, 38, -8, 16, 14, 0, 11, -27, 16, -3, -6, -23, -1, 3, -66, 14, 19, -6, -10, -4, 30, -9, 12, 3, 16, -13, -29, 20, 22, -2, 23, -34, 2, -28, -4, -5, 21, 13, 39, 2, 19, -12, -16, -35, 16, 12, 33, -6, -3, 22, -30, 7, 6, -21, 16, 16, 30, 5, 4, 31, 11, 41, 22, -15, -1, -19, 18, 10, -21, -6, 30, -9, -42, 50, 11, 4, -10, -8, 2, 46, -3, 32, -15, 11, -13, -7, -3, -8, -1, 12, 5, 25, -28, -5, -2, 23, 4, -9, -2, 13, 1, 37, 10, 0, 28, 23, 5, -10, -6, 4, 1, -1, -22, 11, 8},
{ -40, 4, 25, 12, -13, 16, 10, -33, -32, -7, 16, 0, 50, 12, 5, -1, 2, -75, 17, 3, 14, 32, -35, -12, 12, 35, -30, 27, 2, 1, 0, -54, -16, 24, 18, 22, -68, 15, -34, 10, 9, -5, 30, 14, 14, -29, 11, -51, 60, -2, -13, -15, 6, 8, -1, 55, -9, 13, 13, -44, 7, -26, 8, 6, -18, -6, -39, 15, 14, 15, 12, 3, -5, -29, -15, 5, -4, -32, 20, -9, -4, -4, -55, -7, 13, -35, 7, 35, -50, 7, -62, 1, 16, -13, -19, 9, 15, 54, 2, 6, 39, 24, 2, -47, -16, -20, 26, -15, -9, -3, 38, 17, 13, -6, 26, 9, -20, 23, -4, 28},
{ 2, 11, 78, 29, 13, -10, -48, -38, 37, 4, 10, 4, 47, 53, -5, 22, -21, 12, -1, -27, -32, 18, 24, 10, 11, 5, 21, 44, -78, 18, -48, -26, 32, 4, 4, -42, 34, -3, 44, -12, -1, 33, -37, -19, -6, -7, -1, -39, -15, -13, -9, -30, -11, 14, 58, -13, -8, -4, -12, 20, -38, -12, -10, 37, 15, 6, 17, 7, -4, -3, 2, -12, 12, 44, 16, 29, -1, 16, 17, -12, 3, -15, 34, -3, 62, -8, -29, 38, 28, -2, -38, -9, 7, -42, 5, -12, -9, 33, 4, -14, 26, 42, 2, -21, -63, -43, -21, -8, 16, -23, 29, 3, 59, 12, 84, 9, 6, -32, 16, 17},
{ -17, 3, 68, 13, -7, -13, 2, -39, 51, 2, -10, -9, -1, 32, 11, 7, 7, 12, 15, -1, 18, 1, -3, -9, 0, 0, 12, 56, -27, -19, -48, -3, 2, -8, -11, -50, 14, -13, -12, -8, -5, -19, 33, 16, 1, 4, 3, -18, -32, -15, 10, -44, 3, 24, 28, -10, -9, 11, -4, 4, 8, -11, 2, 46, 12, 17, 0, 14, 4, -6, 8, -22, 7, 7, 4, 24, 15, -7, -8, 0, -7, 7, 8, -7, 36, -8, -19, 34, -3, -11, -17, -2, 8, 17, -41, -13, -7, 7, -9, 20, -19, 47, 7, 5, -49, 10, -63, -7, -8, 8, 7, 0, 29, 16, 1, 9, -6, 4, -7, 5},
{ -19, 27, -2, 27, -10, 49, 21, 41, -50, 11, 51, 16, 1, -18, 5, -38, 13, 16, 11, -22, 1, 6, -18, 13, 11, 18, 3, -58, -18, 37, 8, -1, 6, -2, -2, -23, -45, -7, -8, -5, -14, -41, -33, -22, -10, 7, 11, 8, -50, 23, 0, 6, 10, -18, -54, -10, 6, 17, -42, 17, 26, 26, 0, -1, -29, -11, 11, 37, 8, -1, 3, 29, 9, -1, -1, -49, 15, 35, 31, -8, 2, -43, 11, 53, 26, 7, 19, -56, 14, 8, 27, 5, 25, 6, 12, 3, 36, -30, -6, 31, 26, -59, 8, -1, 43, -73, 16, 3, 11, 23, -6, -13, -11, -15, -15, 17, -10, -52, 6, 4},
{ 14, 3, -40, 19, -14, -2, -30, 7, 6, -4, -24, 3, 18, 20, 13, 9, -57, -2, -7, -49, -35, -2, -11, 5, 6, 52, 18, 12, -21, 16, -35, -77, 5, -1, 10, 15, -63, -12, -20, 13, -3, 15, 15, -6, 15, -21, 2, -50, -64, 55, 1, -4, -5, -1, -14, -12, -12, 25, 10, 7, -32, 48, -3, -28, 60, -11, 10, 28, 0, 4, -14, -19, 14, -4, 7, 20, 14, -41, 29, 5, 7, -43, 29, -3, 8, 14, 4, -18, 24, -12, -23, -9, -6, -24, 29, 22, 38, 64, 0, 18, 13, 6, 10, 8, 13, 1, -3, -1, -6, -27, 9, -14, 24, -2, -7, 5, -3, -37, -16, 2},
{ 12, -23, 22, -45, -8, 3, -22, -31, 37, -7, 10, 8, -30, -1, 7, 12, 37, 6, 4, 21, -4, -8, 33, 14, -9, -13, 11, 40, -13, -6, 12, 25, -11, -89, 0, -26, 46, 12, 10, 5, -6, -13, -15, -29, -5, -4, 14, 39, 45, -56, -8, -16, -7, 30, 6, -6, -2, 7, 7, -6, -21, -27, -7, -37, -73, 13, 7, -10, 7, -2, 12, -30, -7, 3, 22, -18, -1, 53, -24, 8, 4, 41, 11, 22, -5, -32, -89, 51, 1, 13, 31, -5, 3, 7, 7, -10, -80, -13, 11, 9, -14, 46, -13, 5, 5, 24, -18, -5, -7, 6, 4, -13, -5, -17, -32, -1, -52, -29, 37, -6},
{ 2, -29, 54, 27, -8, -20, 17, -23, -72, -7, 20, -15, 4, -6, -6, 6, 28, 19, 8, -6, 19, -42, 30, 17, -10, 12, -26, 0, 10, -26, 15, -21, 26, -3, -39, 15, 19, -11, 43, -3, 4, -13, 8, 27, 8, 26, -12, 38, -6, -42, 6, 28, 5, -21, -23, 5, -1, 0, 24, -6, 18, 13, -9, 40, -35, 7, 42, 0, -2, -14, 8, 22, 0, -7, 14, 14, 4, 62, 9, 4, -2, 6, -33, 45, -8, 8, 17, -25, 15, -15, 23, 5, -7, 8, -25, -13, -20, -81, 9, 18, 18, 28, -6, 12, -26, 2, -19, 11, 0, 21, -32, -3, -40, -16, 0, -7, -15, 2, 18, 32},
{ 8, 0, -20, -22, 14, 4, -19, -30, 56, -1, -11, -5, 52, -14, -7, 25, 4, -17, 6, 7, -16, -34, 6, 14, -28, 5, 13, -13, 15, -46, 48, -22, -18, 43, 5, 21, -19, -8, -34, -7, 2, 19, 8, -24, 5, 15, 13, -12, 55, -18, 6, -41, 7, 11, -8, -12, 8, 5, 33, 13, -16, 18, -4, 10, -18, 7, -36, 12, 12, 11, 22, 20, 3, -15, -9, 0, -3, -15, 40, 2, 1, 53, -27, -34, -14, -11, -14, 14, -31, 6, -27, -9, 22, -5, 12, 15, -8, 43, -3, -7, 30, 30, 8, 20, 26, -7, 31, -8, -1, -46, -13, -16, 20, 1, 17, -3, 12, -23, 11, -17},
{ 14, 11, 23, 9, 16, -4, -31, -5, -1, 11, -13, -9, -43, 10, -12, 14, -27, 1, -13, -30, 10, 3, 25, 22, 15, -4, 19, -13, -62, 8, -3, -47, -2, -8, -18, -42, -20, -5, -18, -10, 0, 0, -19, -28, 17, -41, 5, -29, -67, 33, 9, 1, 4, 17, 28, -35, 11, 16, -75, 23, -9, 24, 11, 18, 18, -4, 25, 5, -5, -3, -6, -35, -9, 5, -17, -2, -10, 36, -20, 7, 13, -61, 27, -29, 38, -22, 25, 26, 3, -8, -4, -12, 21, -9, -6, 23, -19, -2, 0, 7, -24, -80, -13, 22, -29, -58, -37, -13, 4, -3, 15, 10, -12, 17, 22, 4, 29, -19, -38, -53},
{ 12, 2, 25, -35, 11, -69, 37, -9, 3, 7, -53, 7, -7, -39, -2, -25, -26, -34, 8, 14, -34, 10, 15, 10, -22, 16, -2, -1, 34, -16, 9, -46, -19, -29, 23, 19, -5, 9, -48, -13, -1, 30, 61, 56, -14, -51, 3, -16, 20, 19, -3, -10, 4, 39, 3, -21, 6, 11, 3, -19, 15, -3, 10, 20, 7, -3, -29, -67, 4, 13, 9, 7, 5, -22, -16, 0, 5, -21, 29, -14, -11, 23, 1, -81, -9, 18, 0, 18, 15, -14, -16, 6, 0, 16, 2, 3, 2, 34, 16, 2, -4, 40, -2, -14, 9, 35, -2, -10, 4, -38, 15, 6, 50, -14, 24, -9, -1, 59, -14, -31},
{ -9, 9, 59, 27, 16, -37, -41, 0, 68, 16, -28, -1, -38, 28, 7, -46, 15, 18, -9, -5, 14, -12, 0, -3, 21, -3, 17, 87, -30, 25, -29, 11, 18, -46, 6, -3, 17, -2, -31, -3, 8, 20, 3, 19, -6, 12, 18, 2, -42, -22, -8, -5, 14, 4, 17, 13, 9, 4, -47, 19, -42, -43, 10, 22, -1, -9, -1, -31, -15, 3, 7, -74, -5, -2, -30, 31, 7, 9, -94, -5, 2, 1, 11, -4, 21, 11, -15, 46, -13, 2, 16, 4, 2, 16, 19, -20, -2, 59, -9, -2, -40, -9, 12, 9, 6, 30, -16, -11, -8, 30, 28, -8, 9, -3, 41, 6, -8, -9, -5, -11},
{ -22, -16, 44, 16, -8, -1, 28, -43, -5, 5, 39, -7, -16, 14, -3, -46, -6, -25, 33, -13, 51, 38, -5, 9, 13, 41, -17, 27, -13, -10, -45, 19, 46, -9, -15, 9, 9, -10, 31, -1, -12, -19, 13, 71, -6, -14, -10, -41, -52, -16, 7, 10, -8, -10, 1, 8, -10, 9, -40, -36, -20, -3, 9, 79, 14, -3, -16, 28, 3, -12, 6, 25, -13, 0, 2, -17, 11, -13, 28, 13, -13, -5, -50, 25, 1, 22, -27, 12, -39, -15, -54, 5, 14, 28, 0, -10, -5, 4, -1, 4, 58, -3, -12, -2, -23, 59, -21, -7, -9, 7, 4, 7, 11, 2, 38, -1, -16, 10, -11, 4},
{ 35, 21, -31, 7, -6, -15, 17, -29, -49, 1, 15, 4, -4, 15, 3, 31, -1, 22, -25, -5, -25, -18, 30, -3, -58, 0, 6, -97, 3, -42, 14, -15, 42, -17, 7, -36, 17, -7, 29, -8, -11, 20, 20, 0, 9, -18, -10, 20, 21, 30, 9, -52, 2, 1, -18, -20, 4, -10, 17, 27, -13, 32, -7, -6, -4, -14, 20, -9, -10, 13, 14, 8, 12, 23, 15, 17, 1, 24, 36, -21, 10, 44, 34, -42, 25, -13, 4, -40, 14, 14, 11, 14, 17, 9, 7, 13, 35, -12, -6, -16, -37, -7, -2, 9, -14, -11, 14, -8, 14, -68, -12, 12, 57, 4, -13, -12, 2, 17, -5, -61},
{ 39, 14, -35, 20, 12, 10, 16, 13, -32, 16, 21, -14, -40, -41, -2, -17, 17, -17, 11, 29, 32, 10, 54, 16, -16, -1, 15, -72, 9, -33, -8, 5, -38, -85, 9, -44, -36, -9, 0, -11, -11, -3, 14, 21, 6, -42, -7, -3, 10, 29, -15, -54, 1, 45, -34, -16, -8, 7, -19, -1, 11, 6, -8, -10, 5, 2, -26, -2, 8, -7, 25, -13, -10, 1, 0, 16, 11, -8, 59, 7, -8, 13, 51, -54, 9, 30, -3, -38, 25, 17, -15, 0, 17, 10, -37, 7, -23, 0, 17, 16, 36, -56, 14, 29, 28, -17, -21, -6, -15, -57, -9, -1, 14, 14, -5, 13, 27, 10, -67, -64},
{ -12, -34, 8, -14, -11, -21, 9, -4, 48, 3, -10, 7, -19, 12, -8, -4, -16, 6, 17, -19, -14, 15, -4, -11, -20, 26, 22, 45, 25, 10, -61, 12, -21, 25, 13, 26, -14, 13, -39, -9, -10, 38, 2, 28, -3, 1, 4, -7, -4, -16, 3, 34, -5, 8, -23, 16, -9, 17, -23, -24, -3, 5, -12, -23, -17, -6, 12, -9, -7, 14, -27, 8, -9, -68, 31, 26, -7, -25, -20, 13, -8, -1, -39, 4, -45, 35, 41, 30, -1, -14, 28, -6, 16, 9, 2, -6, -6, -3, -4, 19, -43, 12, -8, 15, 32, 44, 42, -4, 12, 38, -40, -4, -19, -10, -26, -11, -46, -27, 34, 24},
{ -17, -2, 12, -1, 14, -6, -50, -44, 21, -15, 13, 8, 33, 14, 13, 20, 32, -25, -3, 27, -27, -28, -20, 13, 2, 24, 8, 15, -3, 5, 39, -10, -5, 31, -7, 1, 13, 10, -15, -2, -13, -1, 1, -33, 13, 30, -9, 6, 45, -32, 7, -40, -12, -11, 25, 27, 3, 12, 12, -12, -17, -3, -5, -48, -31, 17, -15, 13, 14, 11, 15, 5, -8, -2, -5, -7, -7, 20, 47, 0, -8, 20, -25, -19, 13, -50, -40, 53, -29, -9, 2, 12, -5, -55, -8, 5, -29, 14, 5, 23, 45, 57, -7, -25, -11, -45, 33, -7, 8, -10, 27, 12, -13, 7, 22, 17, -2, -8, 19, 27},
{ -33, -24, 19, -36, -4, -9, 9, -14, -40, 11, 7, 3, -13, -14, 9, -23, -36, -28, 29, 3, -15, -5, -23, -10, -6, -6, -20, 15, -2, 12, -19, -1, -15, -8, -20, -2, -8, -13, -24, 9, 3, 2, -16, -24, -10, -3, 7, -14, 5, -10, -3, 2, 4, -11, -3, -19, -4, 7, 3, -20, -20, -11, -1, 8, -21, 0, -20, -3, -1, 6, 3, 0, 1, -32, 7, -7, -11, -7, -2, 9, 5, -11, -14, 12, -7, 9, -12, 4, -24, 4, -6, -1, -1, 9, -2, 4, 3, -18, 8, 4, 10, 11, -13, -10, -7, 8, -13, -1, 10, 1, -19, 5, -18, 8, -27, -15, -10, -19, -13, -14},
{ 6, 24, -37, 58, 2, -2, 33, 10, 19, -3, 5, -1, -48, 14, -5, 29, -41, 20, 3, -37, 15, 26, 9, 13, 8, 18, 6, 5, -13, 10, -18, -40, -31, -3, -24, 17, -41, 11, -40, -6, 8, 25, -29, -35, -10, -14, 3, -13, -81, 10, 3, 10, -4, -34, -12, -24, -13, -8, -48, 28, 19, 44, 5, -42, 15, 0, 46, 11, 12, 11, -28, -20, 12, -20, 2, 26, 4, -20, 13, 9, -3, -24, -2, -5, 37, 0, 19, -6, 4, 3, 2, -7, 3, -9, -19, -16, 16, -18, -7, -7, 11, -39, 15, 45, 23, 16, 29, 8, -8, 29, 0, -7, 4, 5, -17, -10, 3, -52, 4, -4},
{ 15, 10, -4, -1, -1, 43, -18, 9, -28, -6, 32, -6, 7, 13, -5, 3, 8, -20, -4, 1, 17, 11, -7, -15, -13, 50, 1, -2, -15, 8, 1, -43, 5, 19, 23, -12, -26, -6, -31, 6, 4, 13, -9, -20, 13, -42, -8, -43, 19, 21, 8, -57, -15, 27, -15, 12, 4, 19, 30, -9, 5, 29, 0, -32, 17, -1, -3, 22, 1, -9, 19, 2, 7, -29, -3, -27, -5, -33, 73, -2, -1, 14, 11, -40, 11, -43, 24, 19, -4, 3, -15, 14, 19, -13, 1, 14, -16, 55, 0, 4, 62, -3, 9, -3, 7, -9, 4, 5, 7, -45, 27, -10, 45, -11, 14, 7, 23, 13, -22, -13},
{ 0, -7, -64, -23, -4, 24, 80, 13, -78, -9, 3, -14, 18, -13, -2, -44, 20, -25, 12, 9, -5, 15, 15, -3, -22, -1, 1, -26, 30, -48, 30, -15, -28, -54, 2, -26, 17, -4, 38, 7, -9, -29, 7, -34, 0, -46, -6, 7, 22, 17, -3, 20, 2, 39, -44, 18, 10, -3, 6, -34, 60, -26, 14, 1, -2, 9, -14, -18, 4, -19, -3, -1, 15, -35, 6, -25, 8, 18, 41, 3, 0, 4, 40, 16, -17, 21, 2, -1, 18, 11, 10, 2, 4, 27, -45, 11, 6, -26, 16, -1, 14, -5, -11, 18, -8, 27, -2, -7, 11, -4, 8, 3, 0, 0, -70, 5, -2, 47, -33, -5},
{ 8, 14, -9, -3, 5, 29, -47, 28, -29, -6, 22, -1, 5, 5, 2, -38, 17, 16, 20, 11, -7, 40, -25, 2, 37, 16, 5, -21, -38, 27, -4, -4, 19, -8, 19, -22, -25, -2, -16, -8, 10, -18, -41, -49, -10, -13, 7, 11, -21, 18, -2, -13, 10, -30, -22, -2, 13, 2, -3, -3, -9, 28, -17, -48, -19, 11, -30, 35, -7, 8, 4, 8, -5, -17, -9, -15, -12, -33, 44, -15, 8, -60, -9, 39, 9, 4, -27, -40, 11, -1, 20, -11, 16, -51, 1, -5, 15, -9, 7, 6, 40, -18, 11, 1, -4, -30, -2, -4, -9, -29, 5, 9, -24, 0, 10, 0, -9, -60, -16, 14},
{ -17, 13, 10, -33, 6, -1, -11, -19, -16, -8, 12, 1, -17, -20, 9, -4, 8, -11, 9, 24, 2, -16, 1, 10, 1, -1, 8, 0, 6, -11, 22, 1, 0, -2, 19, -28, 3, -6, 18, -13, -4, -16, -15, -19, -4, -5, -2, -8, 26, 2, 7, 4, -7, 9, -6, 2, 16, 14, -29, -41, 20, -61, -11, -11, -34, -8, -19, -11, -13, -6, -8, 15, 6, 31, -15, -34, 2, 44, -37, -2, 1, 20, 19, -10, -16, -25, -21, -36, 0, 16, 1, 16, 16, 16, -3, -8, 4, -26, 4, 0, -1, -14, -9, 12, -1, -35, -11, 3, -5, 8, -14, 11, -4, 4, -16, 9, -19, -5, -12, -24},
{ -29, 10, -22, 15, -8, 30, -12, -24, 19, -3, 10, -1, 38, -8, -15, 5, 46, -66, 43, 15, 3, 8, -50, 5, -9, 16, -40, 25, -26, 4, 40, -2, 4, 35, -9, -17, -78, 14, -61, -7, -11, -29, 28, -14, -13, 13, -10, -55, 36, 0, -6, 9, 4, 25, 2, 16, -9, -9, 22, 12, 8, -5, -2, -35, -12, 12, -54, 11, -14, 0, -24, 22, 8, -19, -4, -25, 12, 15, 83, 10, -1, -25, -60, 9, 24, -4, 10, -7, -47, -16, -14, -12, 0, -61, -8, 1, -19, 29, -4, -9, 50, 30, 12, -16, 62, -53, 33, -7, -4, 26, 25, -4, -34, -10, 7, -2, -4, -3, 27, 26},
{ -1, -12, 29, -18, -4, -2, 0, -19, 1, -7, 1, -2, 21, -19, -1, 17, -32, -17, 20, -22, 7, -27, -30, -4, -20, -7, -17, 6, -19, -33, 26, -43, 34, -22, -43, -29, 12, -2, 22, -11, 7, -5, -20, 7, 6, -2, 11, -24, -8, -36, -6, -26, -8, -29, -24, -17, 8, 3, -15, -17, 15, 11, 4, 3, -26, 9, 3, 5, -2, -13, -16, 1, -4, 5, 21, 1, -13, 8, -25, 2, -7, -4, -6, -39, -1, -18, 7, -24, -12, -4, 5, -9, -6, -5, 18, 7, 7, -18, 1, 10, 18, -1, -6, -12, 3, -28, -5, -13, -5, -3, -25, -10, 16, -4, -14, -1, 34, 0, -11, 16},
{ 5, -36, 58, 41, -10, -7, 9, -50, -25, 3, 14, 15, 27, -32, 0, -14, 35, -33, -3, -34, 29, -37, 1, 3, -34, -43, -77, -12, 5, 12, 40, 19, 42, 13, -79, -12, 16, -7, 52, -8, -13, -20, 4, 58, -9, 15, -16, -6, 15, -3, 8, 56, 4, 15, -38, -55, 12, -2, -31, -12, -11, -5, 0, 62, -3, -6, -15, -31, -16, -4, 1, 40, -6, -10, 10, 10, 7, 33, -14, -11, 5, 14, -11, 29, 12, 27, 51, 5, 15, -11, -19, 10, 14, -22, 20, 1, 16, -50, 6, 19, 17, -45, 3, 16, 6, -48, 30, 0, 6, 26, -13, 7, 24, 10, 0, 1, 18, -13, -14, -34},
{ 21, 13, -29, -28, 13, 14, 5, 11, 21, -6, 4, -15, 20, 2, 5, -3, -25, 25, 4, -21, 13, -9, -13, -1, 6, 4, -9, 13, 32, -6, -23, -18, 9, 50, 33, 45, -52, 14, -68, 1, -5, 35, 13, 66, 11, 6, 10, 9, 13, 16, -1, 23, 8, -10, -21, 11, 6, -11, 46, -12, 22, -5, -8, 6, 16, -13, 6, 37, 12, -5, -17, 37, 9, -49, -11, 14, 6, -77, 15, -1, -5, -18, -29, -6, -43, 10, 21, -47, 6, 5, 2, 9, 12, -10, 24, -12, 17, 13, 0, 46, -45, -2, -7, -8, 3, 35, 23, 11, 12, -6, -53, 9, 16, 6, -32, 0, -7, -33, 4, 33},
{ -19, -21, 1, -21, 7, -62, 31, -23, 37, -3, -26, -3, -57, 26, 1, 1, -36, -16, -32, 24, -16, 3, 9, -7, -30, -1, 28, 35, 22, 0, -59, -6, -21, -77, 3, 13, 9, 2, -40, 1, -5, -27, 0, -2, 8, -1, 10, -39, -24, 29, 0, 5, -12, 28, 0, 35, 6, 5, -27, -5, 24, -6, 1, -42, 15, -7, 2, -31, 9, 0, 18, -88, 4, -29, -19, 27, 11, 25, 2, 16, -4, 38, -29, -28, 10, -21, 10, 51, -34, 7, -16, -11, 17, 18, -10, -11, 13, 21, -1, -16, -33, 50, 12, 13, -36, 16, -40, -11, 23, -3, 12, -11, 1, 7, -43, 13, 15, -18, 4, 9},
{ 6, -24, 9, -15, -1, -30, -7, 9, -24, 7, 4, 9, -9, -3, 2, -18, 3, 3, -4, -5, -1, -4, -20, 4, -13, -21, -19, -1, -17, 0, -21, -7, 22, -9, -3, 8, -9, 0, -9, 3, 6, 12, 13, -11, -2, -8, 1, 14, -15, 18, 2, -6, -9, -18, -13, -7, 1, -6, 11, -23, -13, -5, 0, 2, -13, -2, 12, -15, 11, 10, -13, -13, -8, -12, 10, -25, 6, -16, -19, 15, -5, 7, -3, -19, -24, 6, -3, -19, 17, 6, -15, -7, 13, -25, -6, -11, 12, -5, 11, -13, 5, 14, 6, -4, -1, -9, -10, -2, 10, -12, -16, 5, -7, 6, -7, 5, -12, 5, 9, -17},
{ 13, 3, 21, -7, -1, 8, -2, 11, -11, 12, 2, -12, -36, 8, -3, 13, -50, 4, -16, -86, -28, -17, 18, -12, -1, -1, 13, -28, -26, 17, -58, -31, 17, -2, -20, 15, -13, 8, 9, 7, 10, 13, 17, -10, 2, 15, -3, -9, -46, -19, -2, 20, 15, -66, 21, -43, 15, 11, -15, 12, -2, 15, 11, -12, 31, 12, 32, -7, 4, 4, -7, -17, 8, 18, -18, -2, 2, -42, -21, -17, -18, 7, 4, -33, 25, 5, 42, -58, 24, 7, 17, -5, -3, 8, -7, -2, 6, -14, 13, -3, 4, 28, 13, -27, -49, -30, -46, 4, -8, -15, 8, -15, -14, -11, 25, -7, 14, 17, 7, -17},
{ 16, 9, 0, 4, 3, -44, -32, 13, 12, -4, -24, 4, -29, 4, 6, -3, -59, 6, 1, -7, 2, -33, 22, -15, 22, 9, -21, 31, -6, 12, 2, 31, 30, -20, 22, 20, -23, 8, -30, -6, 2, 27, 16, 20, -11, 13, 6, 24, -38, 19, -2, 42, 16, -19, 2, -27, 16, -8, -14, 5, 16, -32, 8, 33, 19, -1, 8, -20, 1, 15, -16, -5, 8, -5, 7, 20, 12, -24, -28, 12, 1, -17, 22, -3, -6, 39, 19, -7, 12, -9, 9, -3, 26, 17, 25, 9, 19, 35, -10, 23, -27, -51, 0, 58, 1, 30, -9, 6, -6, -57, -23, 6, -9, 0, 13, -9, -21, -14, -18, -47},
{ 1, 4, -10, 17, 5, 15, 0, 3, 27, 6, 37, -2, 13, 13, -13, -3, 9, 24, 30, -10, 13, -11, -49, -5, 1, 9, -12, 14, -26, 11, 1, -30, 16, 23, 40, 32, -51, 6, -60, -7, 13, -8, 32, 32, 11, 32, 4, -23, 21, -10, -3, 7, 9, -10, 30, 14, 13, -14, 11, -5, 5, -29, -1, 10, -31, -4, -11, 39, -1, -11, -4, 9, -4, -5, 6, 14, 15, -71, 50, -13, -8, -24, -48, 13, 10, 23, -13, -59, 29, -14, 2, 4, -11, -30, 12, 6, -26, 24, 0, 16, 25, 12, 9, -35, 3, 17, 7, 5, -3, 2, -1, 9, -31, 7, 30, 13, -15, -48, 14, 29},
{ -10, 8, 53, -8, -10, -15, -13, -29, -36, 6, 6, 8, 37, -3, -12, 18, -22, 2, -1, -17, -24, -25, -4, 5, 3, 3, -47, 5, -42, -7, 16, -44, -5, 41, -60, -3, 6, 15, -3, -12, -15, 17, -31, 1, 10, 6, -5, 14, 21, -21, -6, -18, 13, -36, 1, -37, -3, 4, 0, -9, -6, 4, 8, 21, -34, -2, 3, -18, 7, -1, -7, 15, 14, 14, 16, 5, 9, 16, 8, -8, -1, 38, -6, -16, 12, -21, -31, -5, 12, 10, -20, 3, 2, -20, -33, -12, -32, -54, -7, -5, 31, -19, -9, -21, -32, -35, 30, -9, -9, -35, -15, 0, 26, 7, -10, -5, -14, 23, 17, 8},
{ 10, 12, 27, 17, -16, -11, 19, 25, -53, 0, -4, 10, -32, 20, 0, -5, 15, 6, -18, 31, -28, 14, 34, -11, 14, 15, 14, -36, -6, -1, -61, -9, -10, -33, 37, -48, -30, -3, -24, -4, 5, 30, 14, 41, 8, -77, -1, -7, 9, 33, 13, -49, -13, -5, 13, -29, 8, 6, -10, 12, 8, 19, 9, 4, 17, -17, -4, -18, 11, -13, -7, -54, 2, 32, -17, 1, 13, -40, 3, -3, -12, -3, 76, -120, 27, 34, 25, -56, 32, 11, -1, 13, -5, 13, -2, 16, 8, 37, 5, 8, -26, -73, 9, 8, -22, 0, -28, 2, 15, -98, 6, -2, 22, -7, 20, 8, 65, 36, -33, -14},
{ -107, -60, 108, 11, 4, -34, 40, -61, -33, -5, 37, -8, -19, 29, 8, -40, -11, -43, -18, -16, -4, 14, -42, 3, -29, 18, -22, 39, 21, -37, -72, -7, 34, -62, -41, 17, 5, -11, -4, 3, -2, -40, 24, 28, 5, -22, 11, -6, -50, 3, 10, 37, 2, 43, 20, 31, -3, 17, -10, -37, 18, -29, 17, 63, -5, 2, -22, -46, 8, -3, -22, -12, -13, 31, -18, 35, 12, -9, -2, 13, 12, -37, -43, 30, 8, 10, 4, 36, 8, -3, -35, -7, 11, 16, -11, -1, 15, -19, -3, 5, -37, 41, 5, -21, -47, 36, -31, -8, -4, 31, 17, 12, 21, 0, -11, -6, 1, -3, 19, 25},
{ 21, -1, 8, 11, 15, -15, 25, -4, -69, 2, 5, -7, -4, -22, -8, 20, 18, 23, -20, -18, -34, -19, 29, 6, 8, -26, 26, -90, -28, -11, 12, 0, 0, -25, -32, -50, 21, 0, 63, -11, 0, -17, -35, -38, -3, 4, -12, 11, 5, 1, 13, 5, -6, -16, 8, -15, 13, -2, -8, 27, 7, 25, 1, 18, -8, -11, 11, -5, 0, -6, 11, 2, -3, 31, 11, 20, 8, 49, -35, 1, 13, 26, 53, -6, 18, -30, -23, -20, 27, -2, 27, -6, 18, 5, -21, 17, -23, -45, 6, -21, -18, -21, -12, 22, -18, -95, -18, 16, 2, 20, 5, -2, 1, -8, -9, 13, 4, 1, -27, -17},
{ 11, 4, 0, -58, 13, -16, 10, 23, 8, 8, 10, -6, -12, -49, 5, -22, -24, -1, 23, -5, 11, -10, -5, 1, -34, -45, 16, -36, 24, -9, -35, -17, 12, 10, -6, 7, -6, -14, -38, 7, 8, 21, -24, 56, 12, -47, -12, 0, 17, -9, -7, -17, 5, -42, -43, -41, -1, 21, -23, 23, -3, -7, -7, -8, 21, 3, -16, -9, 15, -15, -29, -2, 1, -6, -1, -28, -4, -20, -1, 6, 11, -5, 6, -23, -20, -16, -4, -23, -1, 7, -4, 3, 20, -26, 7, -2, -25, -1, -7, -2, -8, -31, 11, -40, 3, -11, 16, 1, 13, -4, -44, 5, 0, 0, -28, 7, 37, 1, -40, -34},
{ -8, -8, 61, -39, 9, -28, -5, -2, 2, 9, -12, 12, -16, -24, -11, 29, -31, -31, -13, -32, 18, -31, 7, 14, -24, -27, -39, -53, 15, -4, 26, -22, 22, -2, -9, -29, 25, 14, -11, -4, 9, -30, 65, 39, 4, -3, -4, 3, 4, -27, 10, -48, -3, -8, -11, -43, -4, 18, -22, 30, -1, -7, -6, 45, 30, -1, 3, 7, 9, 16, -10, -27, -2, -43, 33, -27, 0, 22, 13, 5, 12, 6, -13, -21, 27, -11, -38, -38, -20, -6, -17, -3, 5, 21, -6, -3, -1, -49, 4, 12, 27, -33, -8, -20, 21, -36, -25, -10, -9, -4, 8, 1, -12, 11, 13, 8, -3, 15, -46, -43},
{ 17, 11, -34, -50, 11, 18, -16, 39, 8, -10, -5, 10, -18, -27, 12, -50, 15, 27, 1, 42, 13, 30, 25, -15, 16, -45, 4, -7, 20, -25, 3, 40, -7, -4, 26, 15, -4, -12, -7, -7, 1, -8, 8, -5, -3, -26, 9, 22, 9, 1, 4, -18, 7, 30, -33, 24, -14, 7, 0, 4, 8, -12, -14, 10, -31, 4, -27, -10, -11, -5, 7, 14, 10, -12, -10, -7, -7, -5, -51, 4, 7, 6, 51, 36, -25, 53, 13, -25, 4, 0, 39, -6, 6, 27, 36, 5, -21, -11, 13, 1, 11, -20, -2, -1, 29, 38, -58, 14, 9, -4, -40, -1, -32, 5, -84, -8, -23, 9, -13, -9},
{ -30, -7, -11, 29, 2, 15, 24, -24, -5, -12, -41, 1, 14, -1, 13, 3, 29, -29, 26, -17, 22, 19, -26, -12, -19, 13, 27, -11, 10, -30, 44, 14, -13, 16, -18, -9, -94, 10, -75, -4, 5, -50, 30, -14, -13, 15, -2, -49, -3, -27, 12, 19, -13, -5, 9, -14, -11, 30, -16, 35, 51, -10, 3, 19, 5, -5, 0, -35, 9, -1, -16, -9, -7, -17, 3, 20, 8, 51, 29, 7, -1, -60, -11, 4, 25, -51, 17, 27, -7, 4, -21, -3, 3, -2, -70, 1, -5, -71, -10, -12, 65, 0, 10, 35, 30, -22, -1, -14, 12, 35, 30, 7, -4, -6, 10, 8, -6, -2, 25, 4},
{ 12, -50, 60, 14, -14, -21, -39, -9, -10, -12, 0, -3, -12, -24, 10, -4, -2, -5, 84, -30, 91, -26, -22, -3, 5, -24, -22, -4, -37, 14, 5, 28, 127, -3, -12, 20, 9, 0, -18, -5, -3, 23, 50, 53, -10, 3, -5, -32, 17, -60, 10, -4, 14, -10, -6, -31, 1, -19, -22, -21, -3, -20, 10, 127, 8, -7, -16, -31, 2, 17, 8, -12, 5, -12, -27, 9, -9, -29, -39, -12, -6, -34, -35, -1, 7, -1, -11, 5, -37, -2, -9, -14, -4, -26, -15, -4, 5, -53, 5, -2, -16, -33, -1, -23, -22, 21, -46, 12, 14, 7, -19, -14, -11, 1, -17, 5, -10, -7, -10, 17},
{ -20, -1, 2, 8, -5, 20, 0, 30, -43, 2, -15, 1, 22, -49, -1, -48, 31, -40, -12, -16, 54, -14, 10, 13, -13, -41, 13, -20, -7, -22, 39, 36, 71, 43, -20, -32, -63, -1, -74, 8, -11, -48, 2, 29, 0, 20, 3, -91, 10, -27, -5, 40, 17, 46, -18, -45, -6, 15, -67, 5, 24, 2, -11, 40, 14, 3, -40, -32, 6, -11, -46, 16, -10, 34, 0, -54, -7, 25, -30, 9, 6, 21, 18, 24, 27, 16, 49, 17, -45, -10, 21, 4, -9, -9, -52, 11, -47, -12, -10, -12, 13, 4, -1, -10, 21, -51, -7, -1, 10, -5, -13, -1, -28, -1, 14, 10, 42, 27, -11, -50},
{ -35, 3, 34, 21, 11, 11, 25, -18, -14, 13, -8, 5, 28, 44, 0, 22, 4, -58, 15, -60, 7, 12, -17, 15, -2, 27, -17, 9, -5, -9, -14, -51, -8, 25, -28, -20, -86, -10, -51, -9, 4, -3, 27, -25, 17, 11, 10, -10, -42, -14, 2, 11, -12, -8, 19, -4, -5, 8, -29, 35, 11, 4, 7, -9, 23, -1, 10, -9, 4, 21, -18, -18, 9, -19, -23, 8, 10, 9, 21, -6, 3, -32, -49, -6, 61, -13, 6, 30, -24, 3, -17, 9, -1, 1, -29, -3, 3, -12, 14, 6, 10, -3, -8, 20, 18, 8, 50, 10, -3, 45, 27, 0, 7, -6, -56, 13, 32, 16, 32, 9},
{ 15, 16, -42, -39, -5, 6, -23, 30, -49, -19, 8, -8, -9, 20, 19, -47, 1, -4, 11, 3, -7, -14, 19, 15, 4, -16, -16, -9, 6, 11, -7, 31, 35, 10, 22, 21, 0, 8, 1, -11, -6, -9, 2, 28, -3, -19, -6, 15, 7, -45, -5, -15, -10, 2, -21, -22, -10, 2, 37, 0, -2, -5, -14, -4, -28, -1, -3, 1, 4, -6, -4, 38, -9, 18, -15, 11, 7, -84, 44, 7, 3, -17, -4, 18, -21, 49, -27, -59, 7, -8, -19, 10, 10, 7, 10, -9, 6, -32, -1, -4, 16, 8, 5, -9, 7, 33, 23, -5, 11, -13, -54, 10, -32, -1, -10, -9, -24, 7, 24, 31},
{ 3, -44, 43, 25, -12, -54, -17, -41, 31, 13, -15, -9, -12, -27, 0, -18, -14, -14, -17, -5, -46, -55, 22, 2, -14, -44, -36, 37, 19, -17, 22, 26, -4, 38, -23, -3, 25, -9, -4, 9, -9, 42, -7, 25, -7, 26, 16, -7, 23, -54, -11, 39, -11, 22, -3, -30, -4, -1, -15, 20, -67, -2, 1, 18, -45, -5, 28, -30, -2, 16, 4, -3, -10, 4, 30, -11, 11, 43, -36, -2, -4, 50, -18, -2, -23, -27, 5, 49, 22, 9, 6, -4, -21, 20, 24, 12, -59, -3, -10, 3, -22, -21, -6, 30, 39, 10, 53, 11, 13, -32, -68, 8, 25, 4, 54, 1, -18, -18, 25, -15},
{ 1, 23, 14, 26, 11, 2, 49, 23, -51, 13, 26, 5, -11, 8, -10, 15, 5, 24, -23, 5, -32, 4, -17, 13, 0, 4, -6, -95, 21, 1, -14, -35, 47, -8, -27, -11, 4, 11, 29, 8, -5, -4, -47, -11, 8, 4, 5, 22, -7, 15, 11, 2, -10, -26, -13, -13, 11, 9, -34, 11, 30, 11, -1, 1, -18, 7, 23, 0, 3, -9, 17, -8, 2, -6, -5, 14, 8, 53, 4, -3, -12, 16, 10, -13, 2, -30, -6, -72, 3, -1, 29, 5, -17, -18, -2, -2, -11, -21, -17, 2, -10, -19, -1, 18, 7, -45, 9, 13, 0, 10, -18, 5, -12, -16, -35, -4, -23, -58, -6, -29},
{ 11, -19, -12, 12, -8, 2, 14, 8, -49, -14, -4, -6, 27, 0, -9, 2, -1, 15, 8, -17, 1, -35, -19, 8, -14, -1, 13, -16, 37, 3, 34, -46, -27, 18, -11, 16, -5, -3, 16, 0, 13, 30, -2, 6, -13, 10, -5, 33, -7, -37, -5, 10, -14, -54, -27, -55, 7, -11, 26, -3, 11, 29, 12, 0, 0, -2, 26, 15, 2, 14, -11, 12, 0, -44, 15, 24, -10, 15, -21, -2, 8, 12, 12, -4, -32, -16, 26, -1, 24, -17, 19, -10, -21, 19, 20, 0, 33, -22, 4, 31, 10, -66, -4, 46, 40, 21, 29, 8, -3, -8, -41, 10, 12, -17, -46, 1, -40, -32, 19, 3},
{ 19, 29, 3, -26, 8, 15, -1, 9, -45, -20, 23, 7, 53, 23, -13, 29, 3, -28, 21, 23, -50, -5, -11, -1, 29, 20, -17, -12, -11, 9, 22, -5, -4, 19, -29, 13, -3, -9, 22, -5, 15, -1, -18, 6, -8, 18, 3, 39, 32, -9, 10, -14, 13, -66, 11, 9, 12, -15, 53, -12, 28, 32, -1, -22, -73, -3, -7, 24, -6, 14, 22, 29, 14, 10, -14, -4, 0, 8, 61, 8, -9, 32, -31, 32, -8, -4, -16, -37, -28, -12, 2, 7, -11, -51, -7, -1, -20, -2, 13, 19, 16, 42, -1, -44, -28, -22, 12, 3, 15, -37, -14, 9, 3, -13, -17, -1, -3, -7, 20, 26},
{ -4, -37, 6, -6, 2, -19, 10, -12, -44, 11, -29, -6, 31, -39, 3, 11, 16, -36, -38, -43, 22, -5, -13, 5, -41, -16, -34, -24, 1, -24, 4, -53, 14, 38, -27, 28, -40, -15, -25, -14, 8, -1, 36, -39, 6, 33, -7, 11, 6, -18, 2, 19, -4, -10, -88, -30, 4, -7, 2, 32, 24, 2, 2, 51, 7, 3, 2, 6, 5, -14, -43, -37, -10, -54, -10, 14, 4, 54, 38, -14, 0, 16, -72, -20, 40, -26, 43, -27, -4, 1, 19, -7, -12, -9, -46, 3, -37, -27, 2, 18, 4, -44, -14, 2, 15, -28, 20, 4, 0, 4, -13, 11, -35, -8, -15, -8, -2, 4, 6, -17},
{ -52, -11, -24, -5, 13, -59, -11, -51, 31, 10, -22, -7, 16, -48, 10, 0, 18, 6, -12, -12, 3, -13, -12, -6, -3, -49, 7, -2, -47, -12, 52, 14, 29, 4, -22, -2, -6, -1, 22, 8, 11, -2, 1, -38, 9, 32, 12, -5, -9, -22, -2, 7, 12, 30, 4, -26, -3, 19, -17, 16, -4, 12, 8, 19, -10, -5, 27, -32, 2, 11, 5, -24, 1, 7, 14, -37, -15, 57, -25, 2, -13, 19, 1, -6, -13, -41, 20, 14, -18, 4, 6, -6, -5, -4, 10, -12, -5, 7, 2, 21, -17, 23, 5, 4, 52, -36, -8, -5, 13, 19, 3, -14, -33, 10, 31, -4, 33, 25, 19, -57},
{ 21, 11, 32, 37, 4, 52, -12, 17, -59, -2, 53, -11, -20, 47, 1, 40, -1, 3, 16, 3, -38, 17, 4, -1, 53, 19, 3, -61, -29, 11, -18, -21, 13, -7, -22, 17, 2, -12, 22, 3, 4, -13, -49, -13, -1, 1, 6, 15, -16, 1, -4, 11, -11, -26, 6, -1, 4, 22, -6, 19, 12, 29, -4, -18, -20, -8, 10, 36, -13, -12, 20, 3, 11, 31, -10, 10, 7, -12, 15, -12, 6, -20, -15, 29, 26, -5, -16, -83, 1, 16, 28, -11, -3, -19, -14, 8, 17, -39, 3, -5, 14, 25, 1, -13, -36, -39, 7, -2, -8, -8, 0, 1, -12, -11, 1, -11, -1, -11, 16, 15},
{ -16, -7, -2, -31, 7, -2, -28, -11, 15, -9, -3, -6, -9, 26, 11, -18, 14, -1, 26, -51, 4, 9, -14, 5, -24, 29, -8, 20, -30, -18, -11, 4, -2, -15, 9, -26, -19, -7, 4, 14, 2, 0, 7, 23, 1, -44, 2, -23, -50, -27, 6, -7, -4, 17, -16, -11, -8, 1, 1, 6, -26, -5, -7, 0, -15, 15, -24, -9, -5, 12, -1, 3, -11, -23, -11, -31, -13, -6, 30, 11, 13, -3, 16, -22, -2, -5, -39, -15, -21, 0, -7, -7, 5, -14, 1, -12, -3, 19, -1, 20, 68, 10, 12, -53, 15, 8, 9, 2, 8, -15, 7, -11, 28, 6, -11, 15, -13, 29, -7, -14},
{ 14, -25, -54, 9, 9, 9, -9, 10, 21, -8, -43, 14, -36, -18, 0, 29, -69, 7, 0, -29, -17, -32, 25, 12, -20, 4, 28, -20, 16, 7, -49, -50, -28, -3, 24, 18, -33, 10, -45, -13, 4, 35, -23, -6, -4, -1, -8, -11, -34, 8, 12, -14, 3, -68, -18, 1, 3, 5, 17, 17, 9, 39, 4, -25, 12, 11, 21, 10, -6, 1, -34, -20, -13, -1, -22, -5, -13, -87, 0, 6, 9, 21, 1, -6, -9, -10, 15, -23, 11, 3, 11, 9, -3, 24, 3, 19, 24, 13, -5, -13, -58, -37, 12, 18, 9, 4, 11, -5, 9, -29, -73, -13, -1, -4, -65, 0, -20, -39, 4, 6},
{ 8, -18, 30, 4, -5, -25, 45, -17, -19, 15, 10, -14, -42, 9, 14, -10, -10, -5, -37, -39, -14, 38, 10, 4, -54, 22, -9, -8, 12, -24, -26, -60, -5, -14, -9, -1, -35, 2, -26, -2, 7, 5, 27, 52, 11, -14, -13, -40, -7, 33, 3, -1, 18, 25, -1, 3, -2, 24, -5, -15, 5, -3, 1, -10, 30, -11, -15, -30, -6, -14, 5, -23, -9, -4, -21, 6, 8, -7, 33, 3, -11, 2, 34, -51, 22, -14, 13, -7, 21, -4, -18, 3, 5, 8, 19, -3, 23, 32, 18, 11, -15, 17, 10, -27, 19, -7, -5, 5, 2, -12, 30, -7, 38, 11, -11, 11, 22, 36, -41, -28},
{ -4, -24, -25, 15, 7, -44, -72, -20, 53, -12, 5, 15, 47, 11, -2, 10, 20, 14, 43, 30, -12, -6, -2, 18, 28, -11, 1, 34, -6, 11, 41, 16, -23, -8, -14, 31, 15, 6, -15, 13, 11, 45, 29, -1, 5, 53, -10, 29, 30, -67, -4, 1, -4, -27, 19, 2, 5, -10, -32, 1, -2, 19, 6, -3, -44, 4, 30, -1, 0, -6, 14, -22, 10, -29, 30, 20, -5, 8, -31, 17, -1, 18, -37, 15, -4, 4, -22, 4, -1, 6, 28, 7, 3, -16, 33, 1, -26, 21, 3, 44, -17, 21, -9, 18, 33, 0, 14, 1, -8, 27, -6, 11, -54, -16, 10, 13, -35, -56, 33, 23},
{ -16, -24, -12, 4, -9, -20, 2, -9, 1, 9, -7, 0, -17, -12, -4, 8, -1, -1, 1, 0, 12, -3, -3, 6, -5, 7, -13, -5, 2, -2, 7, -12, 1, -3, -1, 11, -1, -12, -4, -8, 1, -11, -3, -1, -4, -15, 5, -11, 3, -11, 9, -12, 11, 0, 0, -18, -6, -15, -21, -20, 3, -14, -7, -2, -3, 0, -15, 1, 8, 10, 6, -3, 6, 0, 14, -20, 10, -17, -8, 0, 10, -9, 6, -15, -14, 1, -2, -7, -16, 10, -11, 9, 8, -10, -9, -16, -6, -9, -7, -13, 5, 0, 8, -11, -20, -19, -10, 13, 1, -11, -9, 8, 2, -8, 0, -7, -13, -18, -13, 0},
{ 10, 30, 16, 37, 16, 1, -8, 7, -5, 0, 0, -2, -50, 2, -3, 2, -68, 44, -31, -79, -10, -8, 17, 2, -3, 36, -2, -22, -51, 33, -42, -26, 14, 11, 13, 3, -17, -5, 5, 9, -6, 2, 5, 18, -9, -2, 2, -19, -76, 8, -9, 41, -8, -28, 26, -27, -1, -14, -27, 39, -5, 25, 10, 15, 34, 9, 64, -2, -9, -8, 15, -5, 6, 27, 9, 21, 7, -72, -52, -7, 6, -16, 10, -6, 13, 40, 56, -50, 38, 14, 11, 0, 1, 11, 28, 1, 39, -7, 8, -29, -30, -17, -4, 11, -4, 5, -9, 8, 0, -1, -5, -5, 31, -10, 16, -13, -4, -3, -8, -36},
{ 7, 1, 50, -14, 0, -21, 15, -39, -55, 0, 34, 9, -31, 15, 8, 15, 33, 18, 0, 25, 29, -43, 12, -2, -6, -49, -8, -11, 4, -7, 21, 29, 62, -22, -25, -24, 43, -11, 78, 7, 13, -51, 24, 13, -1, -5, 2, 31, 4, -3, 9, 24, 9, 47, -12, -4, 13, 33, -17, -2, -20, -27, -7, 67, -80, 0, -14, -7, -19, -17, 22, 41, 13, 1, -5, 21, -2, 26, -14, -12, 12, 3, 14, 32, -20, 29, -52, -39, 30, -10, -1, 12, -1, -3, 7, -3, -7, -84, -12, -12, 16, 47, 12, -6, -36, 7, -14, 10, -7, -10, -37, 3, -4, 8, -22, -6, 0, 34, 20, -31},
{ 5, -19, 4, -16, -15, 1, -10, -4, -3, -2, -18, -7, 2, -14, -1, -12, -26, 7, 14, -9, -13, -10, -21, -3, -20, -9, -10, -16, -13, -12, 3, 1, -4, -8, -22, -7, -15, -14, 13, -9, -4, -3, 5, 11, 13, 1, 13, -5, -13, -9, 5, -11, 14, 1, -21, 7, -7, 12, -11, -9, -17, -21, 3, 6, 6, 5, -21, -9, 12, 9, 9, -13, 12, 2, 3, -10, -5, 5, 6, 6, -10, -4, -14, 13, -14, 2, -6, 2, -6, 12, -3, 11, 14, -10, -8, 12, -15, -1, -1, -7, 11, 4, -11, -21, -18, -16, -24, 4, 10, -14, 2, 12, -9, -6, 2, 9, -20, -18, 10, -5},
{ -34, -17, 28, -36, 13, 1, -10, -20, 24, 9, 12, 3, -32, 6, -7, 9, -5, -19, -18, -28, -10, 11, -26, 12, -14, 6, 6, 32, -22, -3, -31, -14, -3, -22, -9, 12, -19, -11, -22, -13, 13, -27, 6, 3, -8, -15, 7, -7, -21, -19, 13, -15, 0, 13, 8, 5, 13, -14, -2, -11, -11, -8, 14, -11, 3, -14, -1, -6, -4, -8, -4, -4, 12, -5, -21, -43, 0, 10, 8, 6, -5, 20, -18, 11, -2, -8, -22, 29, -26, -13, -15, -2, -10, -15, -29, 9, 10, 34, 12, -10, 11, -22, -6, -10, -16, -23, -7, -5, 2, -3, 6, -12, -5, 15, 9, 11, -11, -7, 4, 0},
{ -22, -37, 11, -60, -14, 10, 17, 9, -10, 1, -32, -8, -33, -20, 12, 1, -39, 0, -9, -32, -4, -37, -36, -8, -2, -56, -25, 21, -10, 6, -43, 37, -39, -8, -16, 17, 28, -11, 3, 4, 7, -12, -91, -60, 15, 1, -8, 6, 8, -65, 2, 18, -3, -5, 12, -23, 13, 13, 20, -30, -39, -52, 3, -20, -70, 3, -56, -12, 4, 9, -24, -39, 1, 5, -5, -42, -7, -4, -41, -6, -10, 21, 15, 35, -35, -1, -29, 39, -33, 9, 44, -6, 6, -7, 11, -4, -52, -17, -5, -17, 19, 21, 6, 4, 18, 15, -57, -1, 11, -21, -6, 1, 20, -11, -24, -13, -42, -21, 18, -5},
{ -15, 5, 9, -24, -14, -36, -73, 34, 25, 13, -15, 5, -31, -54, 9, -50, -6, 28, 7, 24, 12, -9, -13, -11, 8, -46, -16, 51, -3, 11, 16, 47, 44, -21, 22, 19, -3, -12, -2, 2, -9, -22, 38, 21, 0, 16, -1, 22, -34, -34, 2, 40, 15, 12, -15, 24, -10, 8, -16, -4, -48, -35, 6, 27, -9, 5, -29, -58, -7, -12, 14, 21, 8, -17, -23, -17, -3, -20, -44, -5, -13, 5, 3, 19, -29, 48, -24, 8, 14, 18, 23, 8, 9, -5, 40, -9, -17, 15, 9, 15, -18, -8, -3, -15, 43, 19, -58, -14, 6, 25, -34, 2, -42, 1, -19, -4, -44, 0, 6, -6},
{ 18, -14, 19, -12, -12, -58, 19, -2, -7, -2, -51, -13, 4, -18, 0, 8, 9, -16, -15, 21, 7, -21, 36, -4, -95, 18, -23, -7, 4, -26, -20, -52, -18, 19, 13, 5, 34, -4, 3, 9, -5, 33, 37, 32, -2, -24, -13, 4, 46, 0, 17, -5, 15, 38, -7, 12, -12, 17, 13, -23, -8, 7, -3, 11, -12, -14, -11, -40, -1, 2, -20, 10, 6, 2, 10, 13, -1, 1, 19, -20, -9, 22, -7, -61, -1, -7, 8, -4, 34, -8, -68, -6, 20, 4, -2, 13, -5, 32, -4, 23, -24, 14, 8, -22, -8, -3, 36, 3, 17, -28, -25, 10, 50, -6, -25, 13, 31, 46, -15, -12},
{ -6, -2, 16, -8, 3, -22, -26, -32, -20, 13, 3, 9, 6, -28, 9, -26, 17, -19, -2, 11, 35, -43, -18, 4, -16, -20, -14, 18, 5, -17, -6, -6, 63, 12, 1, -6, -13, 13, 2, 0, 2, -52, 12, 3, 1, 7, 11, -3, 11, -22, -8, 8, -9, -13, 4, -21, -6, -1, -29, -13, -34, -23, 13, 42, -52, 0, -43, 3, -13, 1, 2, -33, -8, -23, -11, -8, -1, 5, -15, 12, -12, -16, 14, 3, -15, 5, 30, -20, 29, 2, -42, -13, 10, -8, -22, 14, -22, -9, 13, 38, -11, -3, 10, -5, -31, -17, -19, -5, -2, -13, -36, -4, -32, -5, 5, -13, 11, 15, -14, -42},
{ 1, -6, -14, 6, -10, -20, -11, -10, -5, 2, -12, 1, -14, -11, -3, 0, -6, -25, 12, -11, 8, -19, -19, -9, -15, -18, -3, -13, -16, -4, -11, -9, 7, -22, 0, -22, -4, 13, -6, -1, -15, -14, -4, -12, -10, -8, 10, -15, 1, -15, 13, 4, 8, 6, -7, -12, 2, 13, 4, 0, -20, -6, 2, 3, -21, -12, -16, -14, -1, 0, -9, -1, -4, 0, 2, -26, 7, 4, -4, 6, 5, -16, -3, -7, -18, 4, -4, -13, -11, -5, -8, 5, 9, -13, -8, 11, -16, -6, 7, -8, 8, -8, 0, 1, 1, -17, -11, -8, 13, -17, 4, 0, 0, -12, 1, -6, 8, -10, 0, -8},
{ -3, -20, 12, -15, 13, -35, -20, 17, 10, -14, 37, -6, -15, -5, 5, 6, -9, -6, 25, -27, 5, -57, 8, -5, 5, -35, -54, 10, 2, 7, 43, 13, 26, 13, -20, 0, 34, -14, 28, -10, 15, -26, 64, 50, 5, 33, 18, 23, -22, -51, 10, 11, -4, 13, -16, 20, -3, 11, -7, 15, -32, 6, -3, 43, -50, 3, 8, -36, 2, -2, 14, 17, -10, 20, 33, 2, -3, -25, -37, 6, 1, 36, 14, 27, -38, 58, -12, -6, 17, 9, 5, -2, -17, 14, 34, -16, -31, -6, 13, 3, 10, 11, -11, -18, 31, 13, 0, 3, 5, -4, -47, 6, 13, -2, 28, 9, -22, 21, 30, 8}};