Network Outputs: tensor([[-15.3965,  -0.1023, -12.6658, -16.8943,  -1.2811, -15.1237, -21.1557,
          18.6605, -17.6562,  -7.6096],
        [-11.2512, -27.3131,  30.6225, -18.4507,  -8.5701, -24.1761, -10.0946,
         -19.2038, -15.2625, -32.6804],
        [-17.3004,  11.8262,  -7.6556, -21.5505,  -4.2539, -14.1703, -11.3247,
          -7.9003,  -5.1909, -10.8245],
        [ 17.1093, -23.8648,  -6.0665, -17.8348, -10.2939, -10.8049,  -3.6158,
         -19.1081,  -5.2190,  -8.8425],
        [-17.9682,  -6.5440,  -9.9455, -16.2855,  15.8927, -10.1943, -10.5873,
          -9.8182,  -9.0398,   2.0983],
        [-17.6640,  13.0382,  -9.0745, -26.5812,  -5.4015, -15.6897, -12.6743,
          -8.1543,  -4.4851, -10.3569],
        [-22.3718,  -6.7694, -17.0218, -23.1401,  13.6986,  -6.6343,  -6.4865,
         -16.2967,  -0.3522,  -1.9982],
        [-20.1888, -11.9208, -10.2605,  -4.4615,  -2.8384,  -6.4814, -22.0446,
         -16.2701,  -7.2144,  16.0196],
        [ -9.9849, -12.3193, -18.0759, -11.1888, -13.1221,  12.6252,   6.4384,
         -24.8173, -10.2702,  -7.8849],
        [-20.1009, -11.6515, -16.6623, -13.4648,   3.7229, -13.0628, -13.8603,
          -1.5502,  -7.0346,  13.5863]], device='cuda:0')

 Labels: tensor([7, 2, 1, 0, 4, 1, 4, 9, 5, 9], device='cuda:0')

 Predicted Labels: tensor([7, 2, 1, 0, 4, 1, 4, 9, 5, 9], device='cuda:0')

